0 0.0011582374572753906
6727 0.003061056137084961
10330 0.00615382194519043
10330 0.010059118270874023
13592 0.011121034622192383
13592 0.01566314697265625
15438 0.017281055450439453
20162 0.019518375396728516
20162 0.021944046020507812
22008 0.02522110939025879
23424 0.028792858123779297
25270 0.03184914588928223
26276 0.03449702262878418
29145 0.04086136817932129
29538 0.041203975677490234
32407 0.04594993591308594
32407 0.048024892807006836
34253 0.052802085876464844
35259 0.056078195571899414
37393 0.060649871826171875
38521 0.06538605690002441
39239 0.0697929859161377
40367 0.07569003105163574
41167 0.08398890495300293
43507 0.08915305137634277
44429 0.09566092491149902
45353 0.10357403755187988
46275 0.11323094367980957
47999 0.12120604515075684
49415 0.13898205757141113
49415 0.14347386360168457
51261 0.16028213500976562
51261 0.17722010612487793
51812 0.19727277755737305
52153 0.21172714233398438
54952 0.2374739646911621
54952 0.2655630111694336
56798 0.2965569496154785
56798 0.33115601539611816
58061 0.37612199783325195
58061 0.41603708267211914
59007 0.4728882312774658
59007 0.5352509021759033
59558 0.6008660793304443
61752 0.7052059173583984
62698 0.7971348762512207
63598 0.904587984085083
64544 1.0117061138153076
64544 1.1576776504516602
65807 1.3098781108856201
65807 1.495314121246338
66265 1.7172741889953613
66358 1.9420461654663086
68087 2.2177352905273438
69498 2.557950973510742
69933 2.9042539596557617
71344 3.347215175628662
71344 3.8161659240722656
71344 4.261149168014526
72256 4.9032158851623535
73065 5.533300161361694
74011 6.289103031158447
74011 7.155239105224609
75833 8.183067083358765
75833 9.461534023284912
77679 10.52024793624878
77679 11.909445762634277
77679 13.618252038955688
79056 15.567462921142578
79400 17.517185926437378
80811 19.942853927612305
80811 22.128164052963257
80811 25.1964910030365
81609 28.485697031021118
81987 32.23495864868164