0 0.0007700920104980469
6727 0.0030410289764404297
10330 0.005255222320556641
10330 0.008045673370361328
13592 0.010743856430053711
13592 0.013459920883178711
15438 0.016420841217041016
20162 0.018822193145751953
20162 0.021865129470825195
22008 0.024467945098876953
23424 0.028644084930419922
25270 0.03199195861816406
26276 0.03319716453552246
29145 0.03678107261657715
29538 0.0395817756652832
32407 0.04394817352294922
32407 0.04654097557067871
34253 0.049127817153930664
35259 0.05147433280944824
37393 0.05509018898010254
38521 0.05813097953796387
39239 0.062212228775024414
40367 0.06441879272460938
41167 0.06826996803283691
43507 0.07237792015075684
44429 0.07454228401184082
45353 0.08113908767700195
46275 0.08112573623657227
47999 0.08599305152893066
49415 0.08812117576599121
49415 0.09479665756225586
51261 0.09752178192138672
51261 0.10036492347717285
51812 0.10427403450012207
52153 0.11404800415039062
54952 0.11237406730651855
54952 0.1164090633392334
56798 0.12278604507446289
56798 0.12767505645751953
58061 0.13020896911621094
58061 0.1338188648223877
59007 0.13731789588928223
59007 0.1407458782196045
59558 0.14798593521118164
61752 0.15151286125183105
62698 0.157088041305542
63598 0.15810275077819824
64544 0.16513681411743164
64544 0.1664280891418457
65807 0.17291498184204102
65807 0.1735827922821045
66265 0.1784529685974121
66358 0.18337583541870117
68087 0.19008302688598633
69498 0.19411778450012207
69933 0.19965505599975586
71344 0.20300006866455078
71344 0.20334529876708984
71344 0.21180272102355957
72256 0.21803879737854004
73065 0.22190380096435547
74011 0.22498297691345215
74011 0.23378467559814453
75833 0.2301030158996582
75833 0.2474653720855713
77679 0.24535679817199707
77679 0.24221587181091309
77679 0.24576592445373535
79056 0.2565171718597412
79400 0.25546908378601074
80811 0.25716614723205566
80811 0.27046895027160645
80811 0.2670557498931885
81609 0.27448606491088867
81987 0.28258776664733887
82160 0.2802867889404297
83809 0.2910470962524414
83884 0.291248083114624
85655 0.29413390159606934
87146 0.3051891326904297
87146 0.3093550205230713
87146 0.31600213050842285
88523 0.31605005264282227
88787 0.3188199996948242
88787 0.3269951343536377
89321 0.32327914237976074
89585 0.33349084854125977
90026 0.33695101737976074
90136 0.33978796005249023
91521 0.3478810787200928
93012 0.35634303092956543
93367 0.35460400581359863
95122 0.35666513442993164
95122 0.3710000514984131
95122 0.36690711975097656
96499 0.37129688262939453
96499 0.37343311309814453
96499 0.38250303268432617
97297 0.38228416442871094
97297 0.3863258361816406
97738 0.39885997772216797
98002 0.4012467861175537
98362 0.3971090316772461
100988 0.4026501178741455
100988 0.4108107089996338
102834 0.40996313095092773
102834 0.41988086700439453
102834 0.41862988471984863
102834 0.42787790298461914
102834 0.43604493141174316
103707 0.43630480766296387
103971 0.43686485290527344
104697 0.43872785568237305
105714 0.44452476501464844
105839 0.4584670066833496
105839 0.46874284744262695
107685 0.46108007431030273
107685 0.46292805671691895
107685 0.4665567874908447
107685 0.4788219928741455
107685 0.475266695022583
108421 0.4802706241607666
109837 0.4927070140838623
111683 0.49264001846313477
111683 0.4918632507324219
111683 0.5059819221496582
111683 0.5008890628814697
111683 0.5084090232849121
111697 0.5156722068786621
111700 0.5189850330352783
112717 0.517662763595581
113546 0.5296010971069336
114563 0.5194258689880371
114688 0.5262668132781982
114688 0.5266399383544922
116534 0.5311791896820068
116534 0.536250114440918
116534 0.5426931381225586
116534 0.5465469360351562
116548 0.5484628677368164
116551 0.5507042407989502
117568 0.5558531284332275
118397 0.5605978965759277
119414 0.5633869171142578
119414 0.5699858665466309
119414 0.5788748264312744
119414 0.5785200595855713
120546 0.5843629837036133
120685 0.5816290378570557
120685 0.5929160118103027
121277 0.5878729820251465
121530 0.5941257476806641
121655 0.6032330989837646
122229 0.6036741733551025
123501 0.6102962493896484
123501 0.6429438591003418
123551 0.640146017074585
123565 0.639477014541626
125397 0.6444799900054932
125397 0.6479430198669434
125397 0.646934986114502
125397 0.6477680206298828
126381 0.6582190990447998
126381 0.6671218872070312
126381 0.671349048614502
127260 0.6581680774688721
128277 0.6805698871612549
128277 0.6759002208709717
128277 0.6967899799346924
128277 0.6973471641540527
128277 0.7064318656921387
128463 0.7050092220306396
129548 0.6983239650726318
130140 0.7159788608551025
130393 0.716850996017456
130393 0.7105441093444824
131092 0.7325351238250732
132364 0.7167599201202393
132364 0.7385196685791016
132364 0.727240800857544
132428 0.7393200397491455
132428 0.7465331554412842
132653 0.7655420303344727
133314 0.7514340877532959
134227 0.7430229187011719
134227 0.7535698413848877
135244 0.7643942832946777
135244 0.7590682506561279
135244 0.764014720916748
135244 0.7853140830993652
135244 0.7898011207580566
136515 0.7918739318847656
136941 0.7979428768157959
137107 0.7969179153442383
137107 0.8010320663452148
137177 0.7991161346435547
138059 0.8174059391021729
138059 0.8119862079620361
139148 0.8070049285888672
139395 0.8331789970397949
139395 0.8457999229431152
139395 0.8336482048034668
140281 0.8263800144195557
140281 0.8527929782867432
141028 0.8392500877380371
141028 0.8572978973388672
142028 0.8484899997711182
142028 0.8729000091552734
142028 0.8487939834594727
142210 0.8595058917999268
143161 0.8625268936157227
143161 0.8664331436157227
143908 0.8715379238128662
143908 0.8959000110626221
143908 0.8780920505523682
143908 0.8913681507110596
144843 0.954456090927124
145179 0.9011359214782715
145179 0.8981959819793701
145771 0.9022400379180908
146179 0.9223382472991943
146179 0.9893178939819336
146723 0.9265890121459961
147065 0.9356350898742676
147812 0.9128220081329346
148059 0.9388699531555176
148059 0.9463498592376709
148059 0.9264471530914307
148945 0.9285809993743896
148945 0.9434769153594971
149603 0.9304060935974121
149945 0.948124885559082
149945 0.9417259693145752
150692 0.9553711414337158
150692 0.968055009841919
150874 0.9562733173370361
151825 0.9648258686065674
151825 0.971386194229126
151963 0.9935717582702637
151963 0.9949519634246826
152555 1.0544791221618652
152760 1.0062642097473145
153096 1.027601957321167
153688 1.0095610618591309
153754 1.0177509784698486
154096 1.0342230796813965
154843 1.0375871658325195
154843 1.0389468669891357
155068 1.0340120792388916
155729 1.0485470294952393
155976 1.0569899082183838
156387 1.0528221130371094
156387 1.0601677894592285
156706 1.0661711692810059
156706 1.0751721858978271
157520 1.0666251182556152
157658 1.0746171474456787
158609 1.0907340049743652
158609 1.0935280323028564
158609 1.1304619312286377
158791 1.0883429050445557
158791 1.1042959690093994
159383 1.107696294784546
159880 1.1313438415527344
160538 1.1406269073486328
160538 1.1315860748291016
160538 1.1205089092254639
161424 1.1384680271148682
161671 1.115790843963623
161671 1.1310091018676758
161743 1.12208890914917
162760 1.116102933883667
162760 1.1267321109771729
162985 1.121786117553711
163287 1.131072998046875
164304 1.1345016956329346
164304 1.1354010105133057
164304 1.1400249004364014
164623 1.1600310802459717
164623 1.149383783340454
164914 1.1617748737335205
165575 1.158254861831665
166167 1.1644320487976074
166167 1.193246841430664
166167 1.1789860725402832
166197 1.1779401302337646
166197 1.1822381019592285
167136 1.1895740032196045
167438 1.1872639656066895
168455 1.2030689716339111
168455 1.199573040008545
168680 1.2189152240753174
168680 1.2014479637145996
168680 1.2117030620574951
169077 1.2141289710998535
169271 1.2223188877105713
170318 1.2995030879974365
170318 1.3553528785705566
170543 1.3001539707183838
170543 1.257629156112671
171272 1.2895328998565674
171272 1.2684459686279297
171272 1.295931339263916
171497 1.2949821949005127
171814 1.2902891635894775
172831 1.2864480018615723
172831 1.297504186630249
173228 1.2993626594543457
173228 1.2900762557983398
173422 1.2891850471496582
174087 1.304013967514038
174087 1.3076601028442383
174694 1.3407740592956543
174694 1.3526368141174316
175091 1.3526747226715088
175091 1.3978538513183594
175648 1.378417730331421
175648 1.3435890674591064
175950 1.340987205505371
176967 1.364042043685913
176967 1.3748958110809326
177192 1.3527989387512207
177192 1.3794620037078857
177604 1.3855938911437988
177604 1.3796348571777344
177800 1.3841888904571533
178830 1.3835909366607666
178830 1.3851540088653564
179055 1.3950519561767578
179055 1.3960299491882324
179467 1.4113619327545166
179467 1.4156370162963867
179663 1.4290368556976318
180326 1.4213721752166748
180326 1.419800043106079
181343 1.4409632682800293
181343 1.4281489849090576
181740 1.4501903057098389
181934 1.4502620697021484
181965 1.4533288478851318
181965 1.448828935623169
182176 1.4624860286712646
183206 1.4628450870513916
183206 1.4606690406799316
183603 1.4812290668487549
183797 1.4593000411987305
183828 1.4558160305023193
183828 1.4801390171051025
184039 1.4582219123840332
184039 1.459820032119751
184436 1.4943969249725342
184436 1.473266839981079
185099 1.4757580757141113
186116 1.4795339107513428
186310 1.5293970108032227
186310 1.5032131671905518
186310 1.5211541652679443
186707 1.493154764175415
186707 1.533285140991211
186949 1.5124340057373047
187979 1.520881175994873
188173 1.5144648551940918
188173 1.6494569778442383
188173 1.5308499336242676
188570 1.552628993988037
188570 1.5398950576782227
188812 1.5455710887908936
188812 1.552673101425171
189006 1.6952078342437744
189798 1.60062575340271
189798 1.6085309982299805
190195 1.5815348625183105
191083 1.5787560939788818
191083 1.5747590065002441
191083 1.5851976871490479
191083 1.6216330528259277
191083 1.5986158847808838
191134 1.5875661373138428
191165 1.6005878448486328
191916 1.6006791591644287
192946 1.601733922958374
192946 1.6330277919769287
192946 1.642554759979248
193299 1.613753080368042
193453 1.6953318119049072
193453 1.6607139110565186
193779 1.6280303001403809
194571 1.6309080123901367
194765 1.6327660083770752
194765 1.6318790912628174
194765 1.670578956604004
195162 1.6650500297546387
195316 1.665747880935669
195510 1.6592891216278076
195510 1.6654689311981201
195907 1.6738040447235107
195907 1.7254509925842285
196132 1.7391750812530518
196658 1.7320048809051514
197675 1.7322332859039307
197675 1.7374050617218018
197675 1.7450659275054932
197759 1.7833809852600098
197759 1.7558679580688477
198420 1.7119510173797607
198420 1.715561866760254
199538 1.7206718921661377
199538 1.7245619297027588
199538 1.7309560775756836
199538 1.7306368350982666
199538 1.7798879146575928
200283 1.7804358005523682
200283 1.781764030456543
200371 1.8084499835968018
200371 1.802272081375122
200636 1.8103358745574951
200637 1.8026149272918701
200861 1.825070858001709
201908 1.8040640354156494
201908 1.8229219913482666
202102 1.8153700828552246
202102 1.8266303539276123
202499 1.8210959434509277
202500 1.8303351402282715
202738 1.871687889099121
202741 1.8744587898254395
202935 1.8564531803131104
203856 1.8706481456756592
203856 1.8479881286621094
204351 1.8779311180114746
204351 1.8882319927215576
205012 1.8311240673065186
205012 1.8387689590454102
205012 1.8360421657562256
205096 1.858320951461792
205096 1.8631079196929932
205604 1.8549001216888428
205845 1.9337141513824463
206875 1.9209840297698975
206875 1.935502052307129
206875 1.9408645629882812
206875 1.9208762645721436
206915 1.9264180660247803
207467 1.941650152206421
207467 1.9339070320129395
207708 1.962048053741455
207708 1.9380772113800049
207820 1.9422249794006348
207820 1.9211680889129639
208300 1.9058148860931396
209092 1.973323106765747
209330 1.937870740890503
209330 1.9293358325958252
209330 1.9317240715026855
209825 1.9502527713775635
209825 1.9345760345458984
209922 1.9411377906799316
209925 1.9572980403900146
210163 1.9591989517211914
211193 1.9581408500671387
211193 1.9568712711334229
211688 2.0569751262664795
211688 1.9994230270385742
212196 2.006955146789551
212196 2.033545970916748
212196 2.0280778408050537
212280 2.030496120452881
212521 2.027116060256958
212521 2.030761241912842
213029 2.075890064239502
214059 2.0460989475250244
214059 2.020704746246338
214059 2.018258810043335
214059 2.0178849697113037
214143 2.037766933441162
214143 2.0286290645599365
214892 2.028033971786499
214892 2.0561389923095703
214892 2.0367250442504883
214947 2.0501580238342285
214947 2.0754330158233643
216006 2.063169002532959
216006 2.227250099182129
216514 2.252434253692627
216514 2.1798930168151855
216514 2.119706153869629
217009 2.1288187503814697
217009 2.1749048233032227
217009 2.2467148303985596
217009 2.1381540298461914
218377 2.17474102973938
218377 2.1655123233795166
218377 2.148690938949585
218872 2.163890838623047
218872 2.173210859298706
218872 2.1717689037323
218873 2.2006068229675293
219210 2.1845340728759766
219210 2.1379919052124023
219705 2.1296019554138184
219705 2.149280071258545
219705 2.1509768962860107
220268 2.1587817668914795
220736 2.1548380851745605
220736 2.15958309173584
220736 2.1664109230041504
221327 2.210026979446411
221327 2.2441301345825195
221738 2.2186028957366943
221738 2.2144927978515625
221738 2.2391281127929688
221945 2.2483110427856445
221945 2.2763500213623047
223190 2.266867160797119
223190 2.236196994781494
223601 2.301053047180176
223601 2.247974157333374
223601 2.2658498287200928
223686 2.280601978302002
223686 2.2421772480010986
224023 2.2471470832824707
224023 2.2739028930664062
224586 2.244385004043579
225054 2.2576041221618652
225054 2.2849509716033936
225549 2.2756752967834473
225549 2.2697207927703857
225549 2.281952142715454
225549 2.2741618156433105
226056 2.283151865005493
226056 2.284014940261841
226056 2.343569040298462
226382 2.5136911869049072
226382 2.552824020385742
226758 2.5266470909118652
226945 2.428205728530884
227919 2.3673248291015625
227919 2.346190929412842
227919 2.333542823791504
228004 2.325714111328125
228004 2.3302390575408936
228415 2.3928542137145996
228752 2.430778980255127
228752 2.3340959548950195
228752 2.3451058864593506
229399 2.358043909072876
229867 2.3577699661254883
229867 2.3691420555114746
230278 2.3735392093658447
230278 2.388500928878784
230278 2.3669049739837646
230278 2.4233007431030273
230700 2.3774609565734863
230700 2.5402400493621826
230700 2.3853509426116943
231263 2.4203951358795166
231263 2.410383939743042
231758 2.403939962387085
231758 2.475304126739502
232192 2.408154010772705
232192 2.4443740844726562
232265 2.424586057662964
232733 2.424565076828003
232733 2.428316116333008
232733 2.4616339206695557
232733 2.446881055831909
233025 2.4477410316467285
233435 2.4541120529174805
234128 2.4565370082855225
234596 2.4838931560516357
234596 2.4863569736480713
234596 2.4910333156585693
234596 2.493457078933716
234647 2.4766340255737305
234961 2.521885871887207
235429 2.5149970054626465
235429 2.501636028289795
235429 2.5348310470581055
236076 2.5709450244903564
236076 2.5728840827941895
236510 2.5733911991119385
236510 2.565584897994995
236921 2.6240110397338867
236921 2.590242862701416
236949 2.600078821182251
236949 2.580637216567993
237343 2.6108243465423584
237343 2.706308126449585
237371 2.7782938480377197
237906 2.6742022037506104
238164 2.8019368648529053
238401 2.6829676628112793
238401 2.6359522342681885
238429 2.7534520626068115
238942 2.7299258708953857
238942 2.74509596824646
239376 2.7338461875915527
239376 2.719510078430176
239404 2.671705722808838
239644 2.661687135696411
239896 2.6664059162139893
240805 2.730686902999878
240805 2.665031909942627
241239 2.7229177951812744
241239 2.7066149711608887
241267 2.6920580863952637
241267 2.7387781143188477
241638 2.8303141593933105
241638 2.902730941772461
242072 2.8041369915008545
242072 2.7426271438598633
242100 2.9533817768096924
242719 2.73746395111084
242719 2.7270450592041016
243130 2.763890266418457
243130 2.7539479732513428
243181 2.7447049617767334
243284 2.769106149673462
243592 2.7231249809265137
243592 2.812614917755127
243592 2.8223299980163574
243963 2.718219041824341
244373 2.7306551933288574
244373 2.698683738708496
244807 2.7517611980438232
244807 2.748563766479492
244835 2.762809991836548
245585 2.7942750453948975
245585 2.825685977935791
245585 2.8876559734344482
245640 2.788094997406006
245739 2.7611711025238037
246105 2.809211254119873
246406 2.800196886062622
246775 2.7860770225524902
247448 2.76904296875
247448 2.794283151626587
247476 2.857151985168457
247602 2.7854998111724854
247910 2.8174028396606445
247910 2.8710789680480957
248281 2.8095011711120605
248281 2.8001937866210938
248309 2.830439805984497
248435 2.8612942695617676
248743 2.8156521320343018
248743 2.8188791275024414
249100 2.8250539302825928
249390 2.854504108428955
249493 3.0301740169525146
249801 2.9605369567871094
249801 2.9289491176605225
249801 3.1994030475616455
249801 2.927440881729126
250223 2.9185421466827393
250343 3.08459210395813
251016 3.344370126724243
251016 3.0869932174682617
251044 3.2017931938171387
251186 3.225334882736206
251478 5.016601800918579
251555 9.865619897842407
251849 3.6632442474365234
251948 3.550043821334839
252256 4.093920946121216
252256 3.292289972305298
252748 3.021780014038086
253049 3.029844045639038
253418 2.999260902404785
253418 3.013184070587158
253811 3.4929299354553223
254119 3.0701229572296143
254119 3.0684030055999756
254119 3.0166680812835693
254273 3.034029960632324
254273 3.135964870452881
254644 3.0533339977264404
254952 3.5246670246124268
254952 3.6115331649780273
254952 3.5151851177215576
255106 3.3012800216674805
255360 4.029333114624023
255402 3.263669967651367
255771 3.4804229736328125
255771 3.2665610313415527
256164 3.200875997543335
256164 3.398167133331299
256316 3.180062770843506
256617 3.0976099967956543
256986 3.066532850265503
256986 3.0707881450653076
257379 3.0808801651000977
257687 3.103095054626465
257687 3.045606851577759
257687 3.3728981018066406
257857 3.3569118976593018
257918 3.3136870861053467
258226 3.2682418823242188
258520 3.280395030975342
258718 3.289090156555176
259019 3.228456974029541
259111 3.1474008560180664
259419 3.1601719856262207
259781 3.0927202701568604
260089 3.130841016769409
260089 3.1627330780029297
260482 3.157754898071289
260482 3.1610522270202637
260482 3.1979641914367676
260553 3.178307056427002
260922 3.1667630672454834
260922 3.205440044403076
261315 3.1725592613220215
261315 3.194963216781616
261315 3.222905158996582
261372 3.2107481956481934
261723 3.222388982772827
261765 3.211749315261841
261794 3.209709644317627
262134 3.224358320236206
262286 3.4813787937164307
262587 3.2070419788360596
262679 3.2865829467773438
262987 3.244050979614258
263349 3.245468854904175
263657 3.2693021297454834
263657 3.356260299682617
264050 3.5055673122406006
264050 3.4618120193481445
264050 3.257859945297241
264121 3.3174009323120117
264490 3.420366048812866
264589 3.2384941577911377
264883 3.2599520683288574
265020 3.234347105026245
265389 3.237161874771118
265690 3.2494049072265625
265782 3.257359027862549
266083 3.302159070968628
266452 3.267244815826416
266452 3.3343138694763184
266452 3.3073620796203613
266523 3.312347888946533
266523 3.270250082015991
266916 3.3961029052734375
266916 3.3021199703216553
267285 3.2994301319122314
267285 3.4519832134246826
267324 3.3353121280670166
267340 3.3198540210723877
267434 3.3092291355133057
267735 3.4826300144195557
267887 3.589944839477539
268157 3.382357120513916
268280 3.3803281784057617
268588 3.4144678115844727
268957 3.4004719257354736
269258 3.3444621562957764
269350 3.3521180152893066
269651 3.378653049468994
270020 3.4104321002960205
270020 3.4338929653167725
270020 3.386892080307007
270091 3.380797863006592
270190 3.4149599075317383
270484 3.400725841522217
270484 3.4122090339660645
270990 3.386354923248291
270990 3.426163911819458
271383 3.540477752685547
271383 3.4457271099090576
272053 3.4858858585357666
272053 3.447099208831787
272053 3.461331844329834
272053 3.465747833251953
272053 3.5112409591674805
272216 3.4487838745117188
272585 3.4388389587402344
272886 3.4551429748535156
272886 3.4323270320892334
272886 3.481688976287842
272941 3.486937999725342
273035 3.5249412059783936
273088 3.4498848915100098
273417 3.523927927017212
273758 3.584721326828003
273758 3.531508207321167
273774 3.5295870304107666
274558 3.486409902572632
274558 3.4885880947113037
274951 3.5351569652557373
274951 3.471520185470581
275621 3.492889881134033
275621 3.5265071392059326
275621 3.5282702445983887
275621 3.516853094100952
275621 3.623553991317749
275784 3.5618371963500977
276153 3.5371148586273193
276454 3.567857027053833
276454 3.538153886795044
276454 3.5418002605438232
276509 3.532277822494507
277353 3.5428881645202637
277353 3.5782599449157715
277353 3.5852177143096924
277353 3.571263074874878
277353 3.5774598121643066
277353 3.60994291305542
278186 3.593496799468994
278186 3.8193652629852295
278186 3.815548896789551
278241 3.987459897994995
278241 3.814352035522461
278348 3.712562084197998
278348 3.7027111053466797
279018 3.6369810104370117
279058 3.7682881355285645
279058 3.6858229637145996
279074 3.649048089981079
279074 3.687908887863159
279181 3.765321969985962
279851 3.6450839042663574
279891 3.7404420375823975
280921 3.6396379470825195
280921 3.6681630611419678
280921 3.6841518878936768
280921 3.761215925216675
280921 3.7646632194519043
280921 3.8098719120025635
281754 3.7859559059143066
281754 3.7708029747009277
281754 3.767561912536621
281809 3.798774003982544
281809 3.817476272583008
281809 3.774553060531616
281809 3.8977210521698
281809 3.844054937362671
281809 3.774277925491333
281916 3.771428108215332
282642 3.819934129714966
282642 3.8087589740753174
282642 3.8238561153411865
282642 3.7763450145721436
282642 3.8374390602111816
282642 3.8260388374328613
282749 3.7894930839538574
283819 3.794182062149048
284318 3.7751612663269043
284318 3.7838499546051025
284318 3.7472591400146484
284318 3.766226291656494
284318 3.760284900665283
284318 3.80743408203125
285151 3.7957520484924316
285151 3.8043007850646973
285151 3.8022117614746094
285206 3.7856247425079346
285206 3.7968051433563232
285206 3.838395118713379
285206 3.8093907833099365
285206 3.8594048023223877
285880 3.832653045654297
286039 3.8288300037384033
286039 3.810455083847046
286039 3.8155927658081055
286039 3.824000120162964
286039 3.8806941509246826
286039 3.8693461418151855
286039 3.8441970348358154
286286 3.8438658714294434
287216 3.853314161300659
287216 3.8531038761138916
287216 3.89341402053833
287542 3.877898931503296
287542 3.877065896987915
287542 3.905611991882324
288049 3.8936238288879395
288049 3.887467861175537
288049 3.9017672538757324
288444 4.892757177352905
288444 4.311197280883789
288444 4.730046987533569
288444 4.015202760696411
288444 4.079340934753418
288444 4.519186973571777
289277 4.1240057945251465
289277 4.2180280685424805
289277 4.0063018798828125
289332 4.282949924468994
289332 4.065544366836548
289332 3.9734063148498535
289332 3.9618401527404785
289332 3.993299961090088
289683 3.95662522315979
290165 3.9869377613067627
290165 4.001392841339111
290440 3.9713640213012695
290440 3.9891910552978516
290440 4.012150764465332
290440 4.009038925170898
290516 4.047185897827148
290516 4.004995107650757
291342 4.035537242889404
291342 4.037544250488281
291342 4.010693788528442
291668 4.03638219833374
291668 4.0408430099487305
291668 4.049866199493408
291744 4.036113977432251
292175 4.03392481803894
292175 4.100793838500977
292501 4.079543113708496
292501 4.053466796875
292501 4.050723075866699
292556 4.066214323043823
292556 4.078863143920898
292556 4.078201770782471
292556 4.082945108413696
293063 4.09614896774292
293063 4.096936225891113
293063 4.089659214019775
293389 4.101441144943237
293389 4.0827131271362305
293389 4.110318899154663
293389 4.1587629318237305
293809 4.243680000305176
293809 4.159852027893066
293809 4.1283509731292725
294566 4.7716851234436035
294566 5.291933059692383
294566 5.59285306930542
294566 5.473886966705322
294642 4.960395812988281
294642 5.467354774475098
294759 4.469290018081665
295399 4.376932144165039
295399 4.270868301391602
295399 4.263607025146484
295454 4.242063283920288
295454 4.209707021713257
295454 4.2024383544921875
295740 4.322105884552002
295740 4.326141834259033
295740 4.393455982208252
296287 4.260780096054077
296287 4.373915910720825
296287 4.415243864059448
296287 4.366355895996094
296573 4.39524245262146
296573 4.43366813659668
296573 4.427289962768555
297033 4.720527172088623
297033 4.520063877105713
297033 4.4798901081085205
297135 5.292542219161987
297135 4.687717914581299
297135 4.306353807449341
297461 4.312676906585693
297866 4.421895980834961
297866 4.532894849777222
297866 4.623412132263184
297921 4.447402000427246
297921 4.508915185928345
297921 4.427528142929077
298490 4.38715386390686
298638 4.33372688293457
298638 4.382857322692871
298754 4.363990068435669
298754 4.402684926986694
298754 4.33920693397522
298754 4.438202142715454
299471 4.488128900527954
299471 4.600460052490234
299471 4.483144998550415
299526 4.587472915649414
299526 4.530429124832153
299526 4.850895881652832
299664 5.722600936889648
299664 5.807655096054077
299664 5.219727039337158
299928 4.571707010269165
300359 5.011416912078857
300359 4.721188306808472
300359 4.558359861373901
300359 4.700474739074707
300359 4.639755010604858
300359 4.591935873031616
300957 4.777531862258911
301105 4.520697832107544
301105 4.431145906448364
301105 4.460505723953247
301105 4.893939018249512
301105 4.583363771438599
301105 4.696217060089111
301729 4.728658199310303
301938 5.835964918136597
301938 5.113826036453247
301993 4.94666600227356
301993 4.7041919231414795